151,44
151,85
151,114
236,91
410,98
410,97
410,4
410,96
486,9
486,8
486,7
486,6
486,5
486,4
486,3
486,2
486,1
486,0
394,13
394,21
394,17
394,20
394,19
394,15
485,4
485,3
485,2
485,1
485,0
236,36
151,30
236,90
151,94
151,90
236,41
2,8
2,7
2,6
2,5
2,4
2,2
1,5
1,4
1,2
0,510
0,509
0,507
0,505
0,502
0,500
0,494
0,493
0,487
0,484
0,482
0,480
0,477
0,471
0,465
0,464
0,462
0,459
0,458
0,455
0,450
0,449
0,448
0,447
0,445
0,443
0,438
0,437
0,436
0,434
0,433
0,429
0,428
0,425
0,422
0,420
0,419
0,418
0,415
0,414
0,413
0,410
0,408
0,407
0,404
0,402
0,401
0,399
0,398
0,397
0,396
0,394
0,392
0,391
0,390
0,386
0,385
0,384
0,383
0,381
0,379
0,378
0,322
0,318
0,311
0,301
0,243
393,8
393,7
393,6
1,1
393,5
393,4
1,6
1,3
1,0
236,137
236,1
236,3
0,405
0,463
236,0
393,1
393,3
0,411
0,495
0,486
393,0
0,490
2,1
2,67
2,3
2,0
0,489
0,9
0,362
0,315
0,310
0,305
0,506
0,497
0,481
0,472
0,460
0,451
0,446
0,427
0,469
0,504
0,470
0,468
0,456
0,467
0,492
0,308
0,304
0,303
0,302
0,307
0,444
0,12
0,393
0,10
0,454
0,8
0,0
0,389
0,300
0,299
0,387
0,298
0,435
0,297
0,296
0,395
0,295
0,363
0,294
0,357
0,293
0,342
0,292
0,388
0,291
0,375
0,290
0,421
0,289
0,474
0,288
0,336
0,287
0,316
0,286
0,285
0,491
0,284
0,283
0,483
0,282
0,351
0,281
0,377
0,280
2,9
2,10
2,12
2,13
2,15
2,16
2,18
2,20
2,21
2,23
2,24
2,26
2,28
2,29
2,31
2,32
2,34
2,35
2,65
2,68
2,69
2,71
2,72
2,74
3,0
3,1
3,3
3,4
3,6
4,0
4,2
5,0
5,1
5,3
5,4
6,0
6,2
6,3
7,0
7,1
7,3
7,4
8,1
8,3
8,4
9,0
9,1
9,3
9,5
9,6
10,1
10,2
10,4
10,6
11,0
11,2
11,3
11,5
12,0
12,2
12,4
12,5
13,0
13,1
13,3
13,5
13,6
14,1
14,2
14,4
14,5
15,1
15,3
15,4
15,6
15,7
16,1
16,3
16,4
16,6
17,0
17,2
17,3
17,5
17,7
18,0
18,2
18,3
18,5
18,7
18,8
19,1
19,2
19,4
19,6
20,0
20,2
20,3
20,5
21,0
21,2
21,4
21,5
22,1
22,2
22,4
23,0
23,1
23,3
23,4
24,0
24,1
24,3
25,0
25,1
25,3
25,4
26,1
26,3
26,4
27,0
27,1
27,3
27,4
28,0
28,2
28,3
29,0
29,1
29,3
29,5
29,6
30,0
30,1
30,3
30,4
31,0
31,2
31,3
31,5
32,0
32,2
32,4
32,5
33,1
33,2
33,4
33,6
33,7
34,0
34,1
34,3
34,4
34,6
35,0
35,1
35,3
35,4
36,1
36,3
36,4
37,0
37,1
37,3
37,4
37,6
38,0
38,1
38,3
38,4
39,1
39,3
39,4
39,6
40,0
40,2
40,3
40,5
40,7
41,0
41,2
41,3
41,5
42,0
42,1
42,3
42,4
42,6
43,1
43,2
43,4
44,0
44,2
44,3
45,0
45,2
45,3
46,0
46,1
46,3
46,5
46,6
47,1
47,2
47,4
47,5
48,1
48,3
48,4
48,6
49,0
49,2
49,4
49,5
49,7
50,0
50,2
50,3
50,5
51,0
51,1
51,3
51,4
52,1
52,3
52,4
52,6
53,0
53,2
53,3
53,5
54,0
54,1
54,3
54,4
55,1
55,3
55,4
55,6
55,7
56,1
56,3
57,0
57,2
57,3
57,5
58,0
58,2
58,4
59,0
59,2
59,3
60,1
60,3
60,4
61,1
61,2
61,4
62,0
62,2
62,4
62,5
63,1
63,2
63,4
63,6
63,7
63,9
63,10
64,0
64,1
64,3
65,0
65,1
65,3
65,4
65,6
66,0
66,1
66,3
66,4
66,6
67,0
67,1
67,3
67,4
67,6
67,7
68,1
68,3
68,4
69,1
69,2
69,4
69,6
70,0
70,2
70,3
71,0
71,1
71,3
72,0
72,1
72,3
72,4
72,6
73,1
73,2
73,4
73,5
74,1
74,2
74,4
75,0
75,1
75,3
75,4
75,6
76,0
76,1
76,3
76,4
77,1
77,3
77,4
78,1
78,2
78,4
79,0
79,2
79,4
79,5
79,7
80,0
80,2
80,4
80,5
81,0
81,1
81,3
81,4
82,1
82,3
83,0
83,2
83,3
84,1
84,3
84,4
85,0
85,1
85,3
85,4
86,0
86,2
86,3
87,0
87,1
87,3
88,0
88,1
88,3
88,4
89,1
89,2
89,4
90,1
90,2
90,4
90,5
91,1
91,3
91,4
91,6
91,7
91,9
92,0
92,1
92,3
92,4
92,6
92,7
92,9
92,11
92,12
92,14
92,15
92,17
92,19
92,20
92,22
92,23
92,25
92,26
93,1
93,3
93,4
93,6
93,7
93,9
93,11
93,12
93,14
93,15
93,17
93,18
93,20
93,22
93,23
93,25
94,0
94,2
94,4
94,5
94,7
94,8
95,1
95,3
95,4
95,6
96,0
96,2
96,3
97,1
97,3
97,4
97,6
97,7
98,1
98,3
98,4
99,1
99,2
99,4
99,5
100,0
100,2
100,3
100,5
100,6
100,8
101,1
101,2
101,4
102,0
102,2
102,3
102,5
103,0
103,1
103,3
103,4
103,6
104,0
104,1
104,3
104,4
105,0
105,1
105,3
105,5
105,6
105,8
105,9
106,1
106,3
106,4
107,0
107,1
107,3
108,1
108,2
108,4
109,0
109,2
109,3
110,0
110,2
110,3
110,5
111,0
111,2
111,4
111,5
111,7
111,8
112,0
112,1
112,3
112,5
113,0
113,2
113,3
114,0
114,2
114,3
114,5
115,0
115,2
115,3
115,5
116,1
116,2
116,4
117,0
117,2
117,4
118,0
118,2
118,3
118,5
119,1
119,2
119,4
119,5
120,0
120,1
120,3
121,0
121,1
121,3
121,4
122,1
122,3
122,4
123,1
123,2
123,4
123,5
124,0
124,2
124,3
124,5
125,0
125,2
125,4
125,5
126,1
126,2
126,4
127,0
127,2
127,4
127,5
128,1
128,2
128,4
129,0
129,1
129,3
129,4
130,0
130,1
130,3
130,5
130,6
130,8
131,0
131,2
131,4
131,5
131,7
131,8
131,10
131,12
131,13
131,15
132,0
132,2
132,3
133,1
133,3
133,4
134,1
134,2
134,4
135,1
135,2
135,4
135,5
136,1
136,2
136,4
136,6
136,7
136,9
136,10
136,12
136,14
137,0
137,2
137,3
138,0
138,1
138,3
138,5
138,6
139,0
139,1
139,3
139,5
140,0
140,2
140,3
140,5
140,7
140,8
141,1
141,2
141,4
141,5
142,0
142,2
142,3
143,0
143,1
143,3
143,5
144,0
144,2
144,3
144,5
145,0
145,2
145,4
145,5
146,1
146,2
146,4
147,0
147,1
147,3
147,4
148,1
148,2
148,4
148,6
149,0
149,2
149,3
149,5
150,0
150,1
150,3
150,4
151,0
151,2
151,3
151,5
151,6
151,8
151,9
151,11
151,13
151,14
151,16
151,17
151,19
151,21
151,22
151,24
151,25
151,27
151,28
151,32
151,33
151,35
151,36
151,38
151,40
151,41
151,43
151,46
151,47
151,49
151,51
151,52
151,54
151,55
151,57
151,59
151,60
151,62
151,63
151,65
151,66
151,68
151,70
151,71
151,73
151,74
151,76
151,78
151,79
151,81
151,82
151,84
151,86
151,87
151,89
151,92
151,93
151,95
151,97
151,98
151,100
151,101
151,103
151,105
151,106
151,108
151,109
151,111
151,112
151,116
151,117
151,119
151,120
151,122
151,124
151,128
151,130
151,131
151,133
151,134
151,136
151,138
151,139
151,141
151,142
151,144
151,146
151,147
151,149
151,150
151,152
151,154
151,155
151,157
151,158
151,160
151,161
151,163
152,1
152,2
152,4
152,5
153,1
153,3
153,4
154,0
154,1
154,3
154,4
155,0
155,2
155,3
156,0
156,1
156,3
157,0
157,1
157,3
157,4
157,6
158,0
158,2
158,4
158,5
158,7
159,0
159,2
159,4
159,5
160,0
160,1
160,3
160,4
160,6
161,1
161,2
161,4
161,5
161,7
161,9
162,0
162,2
162,3
162,5
163,0
163,1
163,3
163,4
163,6
164,0
164,2
164,4
164,5
165,0
165,1
165,3
166,0
166,1
166,3
166,4
167,1
167,2
167,4
168,1
168,2
168,4
169,0
169,2
169,4
169,5
170,0
170,1
170,3
170,4
171,0
171,2
171,3
172,1
172,2
172,4
173,0
173,1
173,3
173,4
173,6
173,8
173,9
174,1
174,2
174,4
174,5
174,7
174,9
175,0
175,2
175,3
175,5
175,7
175,8
175,10
175,11
176,0
176,1
176,3
177,0
177,1
177,3
177,4
177,6
178,1
178,2
178,4
178,5
178,7
178,8
178,10
179,0
179,1
179,3
179,4
179,6
179,8
179,9
179,11
180,0
180,2
180,3
181,0
181,2
181,3
181,5
181,6
182,0
182,2
182,3
182,5
182,6
183,1
183,3
183,4
183,6
183,7
183,9
184,0
184,2
184,4
184,5
185,1
185,2
185,4
186,0
186,1
186,3
186,4
186,6
186,7
187,1
187,3
187,4
188,0
188,1
188,3
189,0
189,1
189,3
189,4
190,1
190,2
190,4
190,6
191,0
191,2
191,3
192,0
192,2
192,3
192,5
192,6
193,0
193,2
193,3
194,0
194,1
194,3
194,4
195,0
195,2
195,3
195,5
196,0
196,2
196,4
196,5
197,1
197,2
197,4
197,5
198,0
198,2
198,3
199,0
199,1
199,3
199,5
200,0
200,2
200,3
200,5
200,6
200,8
200,10
200,11
200,13
200,14
200,16
200,18
200,19
200,21
200,22
200,24
200,26
200,27
200,29
200,30
200,32
200,33
200,35
200,64
200,65
201,0
201,1
201,3
202,0
202,1
202,3
202,4
202,6
202,7
203,0
203,2
203,3
204,0
204,1
204,3
204,5
204,6
204,8
205,0
205,2
205,3
205,5
206,1
206,2
207,0
207,1
207,3
208,0
208,1
208,3
208,4
208,6
208,7
209,1
209,3
210,0
210,2
210,3
211,0
211,2
211,3
212,0
212,1
212,3
213,1
213,2
213,4
214,0
214,2
214,3
216,0
216,2
216,3
217,1
217,2
218,0
218,2
218,3
219,1
219,2
219,4
220,0
220,2
220,4
221,0
221,2
221,3
222,0
222,2
222,3
223,0
223,1
223,3
223,4
224,1
224,3
224,4
225,0
225,1
225,3
225,5
225,6
226,0
226,1
226,3
226,5
226,6
227,1
227,2
227,4
227,5
228,1
228,3
228,4
228,6
229,0
229,2
229,4
230,0
230,2
230,3
230,5
231,0
231,2
232,0
232,1
232,3
232,4
232,6
233,1
233,2
233,4
233,5
233,7
233,8
234,1
234,3
234,4
235,1
235,2
236,2
236,5
236,6
236,8
236,9
236,11
236,12
236,14
236,16
236,17
236,19
236,20
236,22
236,24
236,25
236,27
236,28
236,30
236,32
236,33
236,35
236,38
236,39
236,43
236,44
236,46
236,47
236,49
236,51
236,52
236,54
236,55
236,57
236,58
236,60
236,62
236,63
236,65
236,66
236,68
236,70
236,71
236,73
236,74
236,76
236,77
236,79
236,81
236,82
236,84
236,85
236,87
236,89
236,128
236,130
236,131
236,133
236,135
236,136
237,1
237,2
237,4
238,0
238,2
238,4
238,5
239,1
239,2
239,4
240,1
240,2
240,4
241,0
241,2
241,3
241,5
241,7
242,0
242,2
242,3
242,5
243,0
243,1
243,3
243,4
244,1
244,2
244,4
245,0
245,1
245,3
245,4
245,6
246,1
246,2
246,4
247,0
247,2
247,3
247,5
248,0
248,1
248,3
248,4
248,6
249,1
249,2
249,4
249,5
250,1
250,3
250,4
251,0
251,1
251,3
251,4
251,6
252,0
252,1
252,3
252,4
252,6
253,1
253,2
253,4
253,5
254,1
254,2
254,4
255,1
255,2
256,0
256,1
256,3
257,0
257,1
257,3
257,4
257,6
257,7
258,1
258,3
258,4
258,6
259,0
259,2
259,4
259,5
260,0
260,1
260,3
260,5
261,0
261,2
261,3
262,0
262,1
262,3
263,0
263,1
263,3
263,4
263,6
264,1
264,2
265,0
265,1
265,3
265,4
266,1
266,3
266,4
267,1
267,2
267,4
268,1
268,2
269,0
269,1
269,3
269,4
270,1
270,3
270,4
271,1
271,2
272,0
272,2
272,3
273,0
273,1
273,3
274,0
274,1
274,3
274,4
275,1
275,2
275,4
276,1
276,2
276,4
276,5
277,1
277,3
277,4
278,1
278,2
278,4
279,0
279,2
279,4
279,5
279,7
279,8
280,0
280,2
280,3
281,0
281,1
281,3
281,4
282,1
282,3
283,0
283,2
283,3
283,5
284,0
284,1
284,3
284,4
285,1
285,2
285,4
286,0
286,1
286,3
286,4
287,1
287,3
287,4
288,1
288,2
289,0
289,2
289,3
290,0
290,1
290,3
290,4
290,6
291,0
291,1
291,3
292,0
292,2
292,4
292,5
293,1
293,2
293,4
293,5
294,1
294,3
294,4
295,0
295,1
295,3
295,5
296,0
296,2
296,3
296,5
297,0
297,2
297,4
297,5
297,7
297,8
298,1
298,3
298,4
298,6
299,0
299,2
299,4
300,0
300,2
300,3
301,0
301,1
301,3
302,0
302,1
302,3
302,4
303,1
303,3
303,4
304,1
304,2
304,4
305,0
305,2
305,4
306,0
306,2
306,3
307,0
307,2
307,3
308,0
308,1
308,3
308,4
308,6
309,0
309,1
309,3
309,4
310,1
310,3
310,4
311,1
311,2
311,4
312,0
312,2
312,4
312,5
312,7
312,8
312,10
312,12
312,13
312,15
312,16
312,18
312,20
312,21
312,23
312,24
312,26
312,27
312,29
312,31
312,32
312,34
312,35
312,37
312,39
312,40
312,42
312,43
312,45
312,46
312,48
313,1
313,2
313,4
313,5
313,7
313,9
313,10
313,12
313,13
313,15
313,16
313,18
314,1
314,2
314,4
314,5
314,7
315,1
315,2
315,4
315,5
315,7
316,0
316,1
316,3
316,4
316,6
316,7
316,9
316,11
316,12
317,1
317,2
317,4
318,0
318,1
318,3
318,4
319,1
319,2
319,4
319,6
319,7
320,1
320,2
320,4
320,6
320,7
320,9
320,10
320,12
320,13
320,15
321,0
321,1
321,3
321,4
321,6
321,8
321,9
322,1
322,2
322,4
323,0
323,2
323,4
324,0
324,2
324,3
324,5
325,0
325,1
325,3
325,4
326,1
326,3
326,4
327,1
327,2
327,4
328,0
328,2
328,4
329,0
329,2
329,3
329,5
330,1
330,2
330,4
331,0
331,2
331,3
331,5
332,1
332,2
333,0
333,1
333,3
334,0
334,1
334,3
335,0
335,2
335,3
336,0
336,2
336,3
337,0
337,1
337,3
338,0
338,1
338,3
338,4
338,6
338,8
339,0
339,2
339,3
340,0
340,1
340,3
340,5
341,0
341,2
341,3
341,5
342,0
342,1
342,3
342,4
343,1
343,2
343,4
344,1
344,2
344,4
344,5
345,1
345,3
345,4
346,0
346,1
346,3
346,4
346,6
346,8
346,9
347,1
347,2
348,0
348,2
348,3
348,5
348,6
349,0
349,2
349,3
350,0
350,1
350,3
350,4
350,6
351,1
351,2
352,0
352,1
352,3
353,1
353,2
354,0
354,1
354,3
355,0
355,2
355,4
356,0
356,2
356,3
357,0
357,2
357,3
357,5
358,0
358,2
358,3
358,5
359,1
359,2
359,4
359,5
360,0
360,2
360,3
360,5
360,6
361,1
361,2
361,4
361,6
362,0
362,2
362,3
362,5
363,0
363,1
363,3
363,4
363,6
363,8
363,9
364,0
364,1
364,3
364,4
364,6
364,8
364,9
364,11
364,12
364,14
364,16
364,17
364,19
364,20
364,22
364,23
364,25
364,27
364,28
364,30
364,31
364,33
364,35
364,36
364,38
364,39
365,0
365,1
365,3
365,5
366,0
366,2
366,3
366,5
367,0
367,1
367,3
367,4
368,1
368,3
368,4
368,6
368,7
369,0
369,1
369,3
370,0
370,1
370,3
370,4
371,0
371,2
371,3
372,0
372,1
372,3
372,4
373,1
373,3
373,4
373,6
373,7
374,1
374,3
374,4
374,6
375,0
375,2
375,3
375,5
376,1
376,2
376,4
376,5
377,1
377,3
377,4
377,6
378,0
378,2
378,3
378,5
379,0
379,1
379,3
379,4
380,0
380,2
380,3
380,5
381,0
381,2
381,4
381,5
382,0
382,1
382,3
383,0
383,2
384,0
384,1
384,3
385,0
385,2
386,0
386,1
386,3
387,0
387,2
387,3
388,1
388,3
389,0
389,2
389,3
390,1
390,3
391,0
391,2
391,3
392,1
392,2
393,2
393,10
394,0
394,2
394,3
394,5
394,7
394,8
394,10
394,11
394,16
394,18
395,0
395,2
395,3
395,5
396,0
396,1
396,3
396,4
396,6
397,0
397,1
397,3
397,4
397,6
397,7
398,1
398,3
398,4
398,6
398,7
399,1
399,3
399,4
399,6
399,7
400,0
400,1
400,3
401,0
401,1
401,3
401,4
402,0
402,2
402,3
402,5
402,6
403,1
403,2
404,0
404,2
404,3
404,5
404,6
405,0
405,2
405,3
405,5
406,0
406,2
408,0
408,1
408,3
408,4
408,6
408,7
409,1
409,3
409,4
410,0
410,1
410,3
410,5
410,6
410,8
410,9
410,11
410,12
410,14
410,16
410,17
410,19
410,20
410,22
410,24
410,25
410,27
410,28
410,30
410,31
410,33
410,35
410,36
410,38
410,39
410,41
410,43
410,44
410,46
410,47
410,64
410,66
410,67
410,69
410,70
410,72
410,73
410,75
410,77
410,78
410,80
410,81
410,83
410,85
410,86
410,88
410,89
410,91
410,92
410,94
411,0
411,1
411,3
411,4
412,1
412,3
412,4
412,6
412,7
412,9
412,10
413,0
413,2
413,3
413,5
414,0
414,2
414,4
414,5
415,0
415,1
415,3
415,5
415,6
416,1
416,2
416,4
416,5
417,0
417,2
417,3
418,0
418,1
418,3
419,0
419,1
419,3
419,4
419,6
420,0
420,2
420,4
420,5
421,1
421,2
421,4
422,0
422,1
422,3
422,4
423,1
423,2
423,4
424,0
424,1
424,3
425,0
425,2
426,0
426,1
426,3
426,4
427,1
427,2
427,4
427,6
428,0
428,2
428,3
428,5
429,0
429,1
429,3
430,0
430,2
430,4
430,5
431,0
431,1
431,3
431,4
431,6
432,0
432,1
432,3
433,0
433,2
433,4
433,5
434,1
434,2
434,4
434,5
435,1
435,3
435,4
436,0
436,1
436,3
437,0
437,1
437,3
437,4
437,6
437,7
438,1
438,3
438,4
439,0
439,1
439,3
439,5
440,0
440,2
440,3
440,5
441,1
441,2
441,4
441,5
442,1
442,2
443,0
443,2
443,3
443,5
443,6
443,8
443,10
443,11
443,13
443,14
443,16
443,17
443,19
443,21
443,22
443,24
443,25
443,27
443,29
443,30
443,32
443,33
443,35
443,36
443,38
443,40
443,41
443,43
443,44
443,46
443,48
443,49
443,51
443,52
443,54
444,0
444,2
444,4
445,0
445,2
445,3
445,5
445,7
445,8
445,10
445,11
445,13
445,15
445,16
445,18
446,0
446,2
446,3
446,5
447,0
447,1
447,3
447,4
447,6
448,0
448,1
448,3
449,0
449,2
449,3
450,0
450,2
450,3
451,1
451,2
451,4
451,6
452,0
452,2
452,3
453,0
453,1
453,3
454,0
454,1
454,3
454,4
454,6
455,1
455,2
455,4
455,5
456,1
456,3
456,4
457,1
457,2
457,4
457,5
458,1
458,3
459,0
459,2
459,3
459,5
460,1
460,2
460,4
460,5
461,1
461,2
461,4
462,1
462,2
462,4
463,0
463,2
463,4
464,0
464,2
464,3
464,5
464,6
465,1
465,3
465,4
465,6
466,0
466,2
466,4
466,5
467,1
467,2
467,4
467,5
468,0
468,2
468,3
469,0
469,1
469,3
470,0
470,1
470,3
470,4
471,1
471,3
471,4
472,1
472,2
472,4
473,0
473,2
473,4
473,5
474,1
474,2
474,4
475,1
475,2
475,4
476,0
476,2
476,3
483,0
483,2
483,3
484,0
484,1
484,3
484,5
484,6
484,8
484,7
484,4
484,2
483,4
483,1
476,4
476,1
475,3
475,0
474,3
474,0
473,3
473,1
472,3
472,0
471,2
471,0
470,2
469,4
469,2
468,4
468,1
467,6
467,3
467,0
466,3
466,1
465,5
465,2
465,0
464,4
464,1
463,3
463,1
462,3
462,0
461,3
461,0
460,3
460,0
459,4
459,1
458,2
458,0
457,3
457,0
456,2
456,0
455,3
455,0
454,5
454,2
453,4
453,2
452,4
452,1
451,5
451,3
451,0
450,1
449,4
449,1
448,2
447,7
447,5
447,2
446,6
446,4
446,1
445,17
445,14
445,12
445,9
445,6
445,4
445,1
444,3
444,1
443,53
443,50
443,47
443,45
443,42
443,39
443,37
443,34
443,31
443,28
443,26
443,23
443,20
443,18
443,15
443,12
443,9
443,7
443,4
443,1
442,3
442,0
441,3
441,0
440,4
440,1
439,4
439,2
438,5
438,2
438,0
437,5
437,2
436,4
436,2
435,5
435,2
435,0
434,3
434,0
433,3
433,1
432,2
431,7
431,5
431,2
430,6
430,3
430,1
429,2
428,6
428,4
428,1
427,5
427,3
427,0
426,2
425,3
425,1
424,2
423,5
423,3
423,0
422,2
421,5
421,3
421,0
420,3
420,1
419,5
419,2
418,4
418,2
417,4
417,1
416,6
416,3
416,0
415,4
415,2
414,6
414,3
414,1
413,4
413,1
412,11
412,8
412,5
412,2
412,0
411,2
410,95
410,93
410,90
410,87
410,84
410,82
410,79
410,76
410,74
410,71
410,68
410,65
410,48
410,45
410,42
410,40
410,37
410,34
410,32
410,29
410,26
410,23
410,21
410,18
410,15
410,13
410,10
410,7
410,2
409,5
409,2
409,0
408,5
408,2
406,3
406,1
405,4
405,1
404,7
404,4
404,1
403,3
403,0
402,4
402,1
401,5
401,2
400,4
400,2
399,8
399,5
399,2
399,0
398,5
398,2
398,0
397,5
397,2
396,7
396,5
396,2
395,6
395,4
395,1
394,14
394,12
394,9
394,6
394,4
394,1
393,9
392,3
392,0
391,1
390,2
390,0
389,1
388,2
388,0
387,1
386,2
385,3
385,1
384,2
383,3
383,1
382,2
381,6
381,3
381,1
380,4
380,1
379,5
379,2
378,6
378,4
378,1
377,5
377,2
377,0
376,3
376,0
375,4
375,1
374,5
374,2
374,0
373,5
373,2
373,0
372,2
371,4
371,1
370,5
370,2
369,4
369,2
368,8
368,5
368,2
368,0
367,2
366,6
366,4
366,1
365,4
365,2
364,40
364,37
364,34
364,32
364,29
364,26
364,24
364,21
364,18
364,15
364,13
364,10
364,7
364,5
364,2
363,10
363,7
363,5
363,2
362,6
362,4
362,1
361,5
361,3
361,0
360,4
360,1
359,6
359,3
359,0
358,4
358,1
357,4
357,1
356,4
356,1
355,3
355,1
354,2
353,3
353,0
352,2
351,3
351,0
350,5
350,2
349,4
349,1
348,7
348,4
348,1
347,3
347,0
346,7
346,5
346,2
345,5
345,2
345,0
344,3
344,0
343,3
343,0
342,2
341,6
341,4
341,1
340,4
340,2
339,4
339,1
338,7
338,5
338,2
337,4
337,2
336,4
336,1
335,4
335,1
334,2
333,4
333,2
332,3
332,0
331,4
331,1
330,3
330,0
329,4
329,1
328,3
328,1
327,3
327,0
326,2
326,0
325,2
324,6
324,4
324,1
323,3
323,1
322,3
322,0
321,7
321,5
321,2
320,16
320,14
320,11
320,8
320,5
320,3
320,0
319,5
319,3
319,0
318,2
317,5
317,3
317,0
316,10
316,8
316,5
316,2
315,8
315,6
315,3
315,0
314,6
314,3
314,0
313,17
313,14
313,11
313,8
313,6
313,3
313,0
312,47
312,44
312,41
312,38
312,36
312,33
312,30
312,28
312,25
312,22
312,19
312,17
312,14
312,11
312,9
312,6
312,3
312,1
311,3
311,0
310,2
310,0
309,2
308,7
308,5
308,2
307,4
307,1
306,4
306,1
305,3
305,1
304,3
304,0
303,2
303,0
302,2
301,4
301,2
300,4
300,1
299,3
299,1
298,5
298,2
298,0
297,6
297,3
297,1
296,4
296,1
295,4
295,2
294,5
294,2
294,0
293,3
293,0
292,3
292,1
291,2
290,7
290,5
290,2
289,4
289,1
288,3
288,0
287,2
287,0
286,2
285,5
285,3
285,0
284,2
283,6
283,4
283,1
282,2
282,0
281,2
280,4
280,1
279,9
279,6
279,3
279,1
278,3
278,0
277,2
277,0
276,3
276,0
275,3
275,0
274,2
273,4
273,2
272,4
272,1
271,3
271,0
270,2
270,0
269,2
268,3
268,0
267,3
267,0
266,2
266,0
265,2
264,3
264,0
263,5
263,2
262,4
262,2
261,4
261,1
260,4
260,2
259,6
259,3
259,1
258,5
258,2
258,0
257,5
257,2
256,4
256,2
255,3
255,0
254,3
254,0
253,3
253,0
252,5
252,2
251,7
251,5
251,2
250,5
250,2
250,0
249,3
249,0
248,5
248,2
247,6
247,4
247,1
246,3
246,0
245,5
245,2
244,5
244,3
244,0
243,2
242,6
242,4
242,1
241,6
241,4
241,1
240,3
240,0
239,3
239,0
238,3
238,1
237,3
237,0
236,134
236,132
236,129
236,88
236,86
236,83
236,80
236,78
236,75
236,72
236,69
236,67
236,64
236,61
236,59
236,56
236,53
236,50
236,48
236,45
236,42
236,40
236,37
236,34
236,31
236,29
236,26
236,23
236,21
236,18
236,15
236,13
236,10
236,7
236,4
235,3
235,0
234,2
234,0
233,6
233,3
233,0
232,5
232,2
231,3
231,1
230,4
230,1
229,3
229,1
228,5
228,2
228,0
227,3
227,0
226,4
226,2
225,7
225,4
225,2
224,5
224,2
224,0
223,2
222,4
222,1
221,4
221,1
220,3
220,1
219,3
219,0
218,1
217,3
217,0
216,1
214,4
214,1
213,3
213,0
212,2
211,4
211,1
210,4
210,1
209,2
209,0
208,5
208,2
207,4
207,2
206,3
206,0
205,4
205,1
204,7
204,4
204,2
203,4
203,1
202,8
202,5
202,2
201,4
201,2
200,66
200,36
200,34
200,31
200,28
200,25
200,23
200,20
200,17
200,15
200,12
200,9
200,7
200,4
200,1
199,4
199,2
198,4
198,1
197,6
197,3
197,0
196,3
196,1
195,4
195,1
194,5
194,2
193,4
193,1
192,7
192,4
192,1
191,4
191,1
190,5
190,3
190,0
189,2
188,4
188,2
187,5
187,2
187,0
186,5
186,2
185,5
185,3
185,0
184,3
184,1
183,8
183,5
183,2
183,0
182,4
182,1
181,7
181,4
181,1
180,4
180,1
179,10
179,7
179,5
179,2
178,11
178,9
178,6
178,3
178,0
177,5
177,2
176,4
176,2
175,12
175,9
175,6
175,4
175,1
174,8
174,6
174,3
174,0
173,7
173,5
173,2
172,5
172,3
172,0
171,1
170,5
170,2
169,6
169,3
169,1
168,3
168,0
167,3
167,0
166,2
165,4
165,2
164,6
164,3
164,1
163,5
163,2
162,6
162,4
162,1
161,8
161,6
161,3
161,0
160,5
160,2
159,6
159,3
159,1
158,6
158,3
158,1
157,5
157,2
156,4
156,2
155,4
155,1
154,5
154,2
153,5
153,2
153,0
152,3
152,0
151,162
151,159
151,156
151,153
151,151
151,148
151,145
151,143
151,140
151,137
151,135
151,132
151,129
151,123
151,121
151,118
151,115
151,113
151,110
151,107
151,104
151,102
151,99
151,96
151,91
151,88
151,83
151,80
151,77
151,75
151,72
151,69
151,67
151,64
151,61
151,58
151,56
151,53
151,50
151,48
151,45
151,42
151,39
151,37
151,34
151,31
151,29
151,26
151,23
151,20
151,18
151,15
151,12
151,10
151,7
151,4
151,1
150,5
150,2
149,6
149,4
149,1
148,5
148,3
148,0
147,2
146,5
146,3
146,0
145,3
145,1
144,4
144,1
143,4
143,2
142,4
142,1
141,6
141,3
141,0
140,6
140,4
140,1
139,4
139,2
138,7
138,4
138,2
137,4
137,1
136,13
136,11
136,8
136,5
136,3
136,0
135,3
135,0
134,3
134,0
133,2
133,0
132,1
131,14
131,11
131,9
131,6
131,3
131,1
130,7
130,4
130,2
129,5
129,2
128,5
128,3
128,0
127,3
127,1
126,3
126,0
125,3
125,1
124,4
124,1
123,6
123,3
123,0
122,2
122,0
121,2
120,4
120,2
119,6
119,3
119,0
118,4
118,1
117,3
117,1
116,3
116,0
115,4
115,1
114,4
114,1
113,4
113,1
112,4
112,2
111,9
111,6
111,3
111,1
110,4
110,1
109,4
109,1
108,3
108,0
107,2
106,5
106,2
106,0
105,7
105,4
105,2
104,5
104,2
103,7
103,5
103,2
102,6
102,4
102,1
101,3
101,0
100,7
100,4
100,1
99,6
99,3
99,0
98,2
98,0
97,5
97,2
97,0
96,1
95,5
95,2
95,0
94,6
94,3
94,1
93,24
93,21
93,19
93,16
93,13
93,10
93,8
93,5
93,2
93,0
92,24
92,21
92,18
92,16
92,13
92,10
92,8
92,5
92,2
91,10
91,8
91,5
91,2
91,0
90,3
90,0
89,3
89,0
88,2
87,4
87,2
86,4
86,1
85,5
85,2
84,5
84,2
84,0
83,1
82,2
82,0
81,2
80,6
80,3
80,1
79,6
79,3
79,1
78,3
78,0
77,2
77,0
76,2
75,7
75,5
75,2
74,5
74,3
74,0
73,3
73,0
72,5
72,2
71,4
71,2
70,4
70,1
69,5
69,3
69,0
68,2
68,0
67,5
67,2
66,7
66,5
66,2
65,7
65,5
65,2
64,4
64,2
63,11
63,8
63,5
63,3
63,0
62,3
62,1
61,3
61,0
60,2
60,0
59,1
58,3
58,1
57,4
57,1
56,2
56,0
55,5
55,2
55,0
54,2
53,6
53,4
53,1
52,5
52,2
52,0
51,2
50,6
50,4
50,1
49,6
49,3
49,1
48,5
48,2
48,0
47,3
47,0
46,4
46,2
45,4
45,1
44,4
44,1
43,3
43,0
42,5
42,2
41,6
41,4
41,1
40,6
40,4
40,1
39,5
39,2
39,0
38,2
37,7
37,5
37,2
36,5
36,2
36,0
35,2
34,7
34,5
34,2
33,8
33,5
33,3
33,0
32,3
32,1
31,4
31,1
30,5
30,2
29,7
29,4
29,2
28,4
28,1
27,5
27,2
26,5
26,2
26,0
25,2
24,4
24,2
23,5
23,2
22,5
22,3
22,0
21,3
21,1
20,4
20,1
19,5
19,3
19,0
18,6
18,4
18,1
17,6
17,4
17,1
16,5
16,2
16,0
15,5
15,2
15,0
14,3
14,0
13,4
13,2
12,6
12,3
12,1
11,4
11,1
10,5
10,3
10,0
9,4
9,2
8,5
8,2
8,0
7,2
6,4
6,1
5,5
5,2
4,3
4,1
3,5
3,2
2,75
2,73
2,70
2,66
2,64
2,33
2,30
2,27
2,25
2,22
2,19
2,17
2,14
2,11
0,416
0,279
0,478
0,278
0,452
0,277
0,412
0,276
0,320
0,275
0,409
0,274
0,339
0,273
0,475
0,272
0,466
0,271
0,366
0,270
0,367
0,269
0,341
0,268
0,349
0,267
0,473
0,266
0,337
0,265
0,356
0,264
0,314
0,263
0,340
0,262
0,313
0,261
0,312
0,260
0,309
0,259
0,258
0,330
0,257
0,376
0,256
0,365
0,255
0,338
0,254
0,306
0,253
0,359
0,252
0,360
0,251
0,334
0,250
0,479
0,249
0,374
0,248
0,461
0,247
0,333
0,246
0,406
0,245
0,345
0,244
0,242
0,403
0,241
0,508
0,240
0,373
0,239
0,335
0,238
0,442
0,237
0,236
0,235
0,347
0,234
0,233
0,232
0,441
0,231
0,382
0,230
0,328
0,229
0,321
0,228
0,329
0,227
0,331
0,226
0,432
0,225
0,344
0,224
0,358
0,223
0,222
0,327
0,221
0,372
0,220
0,431
0,219
0,364
0,218
0,430
0,217
0,380
0,216
0,370
0,215
0,400
0,214
0,371
0,213
0,440
0,212
0,350
0,211
0,354
0,210
0,369
0,209
0,208
0,439
0,207
0,503
0,206
0,501
0,205
0,204
0,352
0,203
0,324
0,202
0,201
0,361
0,200
0,417
0,199
0,499
0,198
0,498
0,197
0,355
0,196
0,326
0,195
0,488
0,194
0,193
0,348
0,192
0,63
0,353
0,62
0,424
0,61
0,485
0,60
0,325
0,59
0,457
0,58
0,332
0,57
0,323
0,56
0,55
0,511
0,54
0,496
0,53
0,423
0,52
0,476
0,51
0,343
0,50
0,453
0,49
0,319
0,48
0,317
0,47
0,346
0,46
0,368
0,45
0,6
0,5
0,1
0,426
0,11
0,4
0,2
0,3
0,7
